-2380155648.000000
-2224234496.000000
-2175398912.000000
-2156710912.000000
-2115145472.000000
-2224090112.000000
-2147537152.000000
-2096450560.000000
-1627280384.000000
-2173257728.000000
-2256805888.000000
-2216482304.000000
-2476370432.000000
-2402124288.000000
-2428637184.000000
-1793742848.000000
-1498161152.000000
-1411492608.000000
-1989516800.000000
-4091788032.000000
-4063446272.000000
-1493950464.000000
0.000000
-762240000.000000
2338303744.000000
2009094912.000000
-1145105408.000000
-2446637568.000000
-1611384064.000000
-4086913536.000000
-4081150976.000000
-2020272640.000000
141713920.000000
-1925488384.000000
207233792.000000
2320712960.000000
2284495104.000000
-1927625216.000000
-2607258624.000000
-1353669632.000000
-1771319808.000000
-2777847808.000000
-4089322752.000000
-4068465408.000000
1226754816.000000
1256238336.000000
-1873875200.000000
-3345856768.000000
-4040009472.000000
-2766530048.000000
487939840.000000
2286967552.000000
1476497664.000000
-2615283712.000000
-2496601088.000000
-1915263488.000000
-1790168576.000000
-2068269440.000000
-1951858944.000000
-1941811200.000000
-2087395456.000000
-4094999040.000000
-4084622848.000000
1206018816.000000
919384320.000000
-783864064.000000
-3641545984.000000
-1368235520.000000
381197056.000000
-405626368.000000
1662976256.000000
1956719872.000000
1643302656.000000
-2848027904.000000
-3871459072.000000
-3883513088.000000
-3430297600.000000
1355767040.000000
1761722112.000000
798059776.000000
-891128832.000000
-1327240704.000000
-2226059264.000000
-2134276224.000000
-1628729600.000000
-1943181312.000000
-1365227264.000000
-1570128384.000000
-1843040000.000000
-2203172352.000000
-2175711232.000000
-2421886464.000000
-1509763072.000000
-2545965568.000000
-2340055552.000000
-2508906752.000000
-2291711744.000000
-2566948864.000000
-2319648256.000000
-2311156992.000000
-2218225152.000000
-2347857152.000000
-2114788992.000000
-2410207744.000000
-1490161664.000000
-2489573376.000000
-2142720768.000000
-2224285952.000000
-1899292672.000000
-2031084672.000000
-2153115648.000000
-2321617152.000000
-1912604928.000000
-2299098368.000000
-2098955520.000000
-2365368320.000000
-1389295616.000000
-2048502656.000000
-1973639040.000000
-172805120.000000
-1890125824.000000
-2423247360.000000
-1048128512.000000
-2152435200.000000
-1798592000.000000
-1766305280.000000
-2459989504.000000
-2534375424.000000
-2924170752.000000
-1153971712.000000
-1618677248.000000
-1909102592.000000
-2159653888.000000
-2192455680.000000
-2312617984.000000
-1454062592.000000
-2044045056.000000
-1721591552.000000
-2277933568.000000
-2023872768.000000
-2138645248.000000
-1249355008.000000
-2398731776.000000
-1841171200.000000
-2269929472.000000
-1911887104.000000
-2288372736.000000
-1721864192.000000
-2103802240.000000
-1851009280.000000
-2063693056.000000
-1540180992.000000
-2243961856.000000
-942205952.000000
-1833686784.000000
-1892302080.000000
-2030103680.000000
-1610938880.000000
-1727650048.000000
-34430464.000000
-2140639872.000000
-1963241728.000000
-2102723328.000000
-2154970368.000000
-2000370688.000000
-1374657536.000000
-2094980224.000000
-1885630720.000000
-2164092928.000000
-1695316736.000000
-2129103232.000000
-1971434624.000000
-2136676224.000000
-1857028096.000000
-2105787520.000000
-1901709056.000000
-2045753088.000000
-1354471168.000000
-2036730624.000000
-1686436352.000000
-1833691392.000000
-2089378432.000000
-1978159488.000000
-1788940544.000000
-1852568064.000000
-2017537024.000000
-1765641216.000000
-1865829120.000000
-1638239232.000000
-1236559872.000000
-1626434560.000000
-1888270848.000000
-1901394432.000000
-1904742912.000000
-1673231360.000000
-1716153088.000000
-1666429440.000000
-1994782976.000000
-1802690816.000000
-2139255680.000000
-1795169024.000000
-1161057792.000000
-1543322112.000000
-1752503552.000000
-1373613568.000000
-1880441600.000000
-1756572160.000000
-1967480320.000000
-1713969664.000000
-2155077632.000000
-1906252800.000000
540860160.000000
-1448880384.000000
-2584471808.000000
-2563122688.000000
-761715712.000000
-1591631104.000000
-2632492032.000000
-1999641344.000000
-66854912.000000
-979274496.000000
-2739369728.000000
-2316243712.000000
-1471406080.000000
137316864.000000
-1421533440.000000
-853263616.000000
-2980523520.000000
-1520910592.000000
-90990592.000000
-1375356416.000000
-2154392576.000000
-982084608.000000
-1748316416.000000
-1839994368.000000
-2307055872.000000
-1859365120.000000
-1875865088.000000
-2760145408.000000
-3575394816.000000
-3941462016.000000
-2555137280.000000
-2655521024.000000
-390979072.000000
-79798784.000000
-2603378688.000000
-196794368.000000
-1992655488.000000
-2052074752.000000
-1889655040.000000
-1591747584.000000
486227200.000000
-2202302976.000000
-65496320.000000
-2285229056.000000
134844672.000000
1187580160.000000
-2199980032.000000
-3058996736.000000
-2772080640.000000
-1295096064.000000
-732546816.000000
513739520.000000
-412302336.000000
456063232.000000
1052987136.000000
1319992064.000000
595346688.000000
-1974829696.000000
-1226631168.000000
-1592155392.000000
-1602741248.000000
-2340258304.000000
-1374671360.000000
-2495172608.000000
-2299198464.000000
-2619319296.000000
-2378955520.000000
-2322169344.000000
-2068761088.000000
-2388837888.000000
-2200334080.000000
-2377615872.000000
-2118908672.000000
-2409634560.000000
-1478762496.000000
-2586249728.000000
-2316588544.000000
-2551714304.000000
-2190778112.000000
-2484307200.000000
-2324860672.000000
-2562913024.000000
-2291819008.000000
-2533182464.000000
-2280307712.000000
-2431172352.000000
-1493046272.000000
-2378876416.000000
-2146716928.000000
-2213343488.000000
-2240207872.000000
-2365464064.000000
-1978075648.000000
-2324275712.000000
-2503449600.000000
-1941750528.000000
-2600820224.000000
-2014200192.000000
-1513491200.000000
-2215713280.000000
-2416212480.000000
-2238828544.000000
-2322866176.000000
-1995738368.000000
-2311110400.000000
-2023308928.000000
-2189419520.000000
-1990467456.000000
-2294111744.000000
-2116930432.000000
-1418856192.000000
-2048055296.000000
-2244255488.000000
-1842077696.000000
-2367726592.000000
-2123888256.000000
-2182953472.000000
-2153271808.000000
-2403692544.000000
-2015528448.000000
-2543109120.000000
-2237404672.000000
-1479901952.000000
-2027675648.000000
-2295300096.000000
-1979480704.000000
-2477899264.000000
-2274137600.000000
-2508039936.000000
-2311581184.000000
-2422613504.000000
-2275619584.000000
-2544402176.000000
-2193157120.000000
-1465690112.000000
-569309184.000000
-2256652032.000000
-2336621056.000000
-2411197952.000000
-2297266688.000000
-2614468096.000000
-2500014848.000000
-2715161600.000000
-2342434816.000000
-2104438400.000000
-2057925888.000000
-1507341824.000000
-1763919104.000000
-1759442944.000000
-1697660672.000000
-2099088256.000000
-1944213504.000000
-1965406464.000000
-1439114496.000000
-704645376.000000
-1695715072.000000
-1339052544.000000
-1851684864.000000
-1529592576.000000
-1985073152.000000
-1851465984.000000
-1956826880.000000
-1925609472.000000
-2356001024.000000
-2315709952.000000
-2355821568.000000
-2147646720.000000
-2368500224.000000
-2220296704.000000
-2398389248.000000
-1823415296.000000
-2522046464.000000
-2167576576.000000
-2417305600.000000
-2350569472.000000
-2435240960.000000
-2226853888.000000
-2189655040.000000
-2313349632.000000
-2741117440.000000
-2359524352.000000
-2252364288.000000
-1450397184.000000
-2139633280.000000
-1705720832.000000
-1999969920.000000
-2043746816.000000
-2422979584.000000
-2127073664.000000
-2224043520.000000
-1500957184.000000
-1729728512.000000
-2362092032.000000
-2225290240.000000
-2195371008.000000
-1889184256.000000
-1764009984.000000
-1737280512.000000
-757414400.000000
-752425472.000000
115616000.000000
-852198656.000000
-1608930304.000000
-1915522304.000000
-2018632192.000000
-2467075584.000000
-1427296000.000000
-1736630528.000000
-1952660480.000000
-1916172288.000000
-1694112000.000000
-2140740096.000000
-2275596288.000000
-2101250688.000000
-2098447488.000000
-1949733888.000000
-2331636736.000000
-2134742144.000000
-2196552192.000000
-1680466432.000000
-2479858688.000000
-2210570752.000000
-2374877696.000000
-2277388288.000000
-2512040960.000000
-2108968192.000000
-2339813376.000000
-2281810944.000000
-2454413312.000000
-2177556736.000000
-2345154048.000000
-1729668096.000000
-2836537856.000000
-2403813888.000000
-2404298496.000000
-2048246400.000000
-2492553728.000000
-1713836800.000000
-1921501440.000000
-3078882304.000000
-3791077376.000000
-3936964608.000000
-3682705920.000000
-3640222464.000000
-3671048192.000000
-3308406272.000000
-2323075840.000000
-1523443456.000000
-2093440000.000000
-1670966272.000000
-1645914624.000000
-1436406784.000000
-1972907264.000000
-2338347520.000000
-1936999424.000000
-1603097856.000000
-1941373184.000000
1348035328.000000
1980450048.000000
2026673920.000000
1635256576.000000
912640768.000000
-1140552448.000000
-2077571456.000000
-2163400960.000000
-1756294912.000000
-1647203328.000000
-1319905536.000000
-2226860800.000000
-2048106496.000000
-2158057984.000000
-2100747392.000000
-2402501888.000000
-2411056128.000000
-1773358592.000000
-2421066240.000000
-2308978176.000000
-2490806016.000000
-1755875328.000000
-1519528704.000000
-2225395200.000000
-2267063296.000000
-1889974272.000000
-2287335680.000000
-2143930112.000000
-2438703360.000000
-2003136640.000000
-2300922880.000000
-2044832640.000000
-2483524096.000000
-1788446464.000000
-1635312384.000000
-2274792448.000000
-2496703488.000000
-2257469952.000000
-2723356672.000000
-2164798976.000000
-2375255296.000000
-2086621952.000000
-2185828864.000000
-2140523392.000000
-2221273088.000000
-2247042304.000000
